0,442
27,44
23,1
27,41
23,0
27,36
22,5
22,4
27,27
22,3
22,2
27,22
22,1
27,20
22,0
33,3
21,4
21,2
27,19
28,19
21,1
28,18
27,16
21,0
28,17
20,5
27,13
28,16
20,4
26,21
28,15
20,2
27,12
26,5
28,14
20,1
26,4
28,13
27,9
20,0
35,3
19,2
19,1
19,0
28,12
30,3
18,8
27,8
18,7
28,11
34,3
26,8
28,10
26,7
29,3
28,9
18,6
18,5
21,3
18,4
28,8
18,2
27,7
28,3
18,1
27,6
18,0
27,3
17,5
17,4
20,3
17,3
17,2
19,3
17,1
26,6
17,0
26,3
4,3
18,3
4,2
4,1
4,0
3,6
3,5
3,4
3,3
3,2
3,1
3,0
2,5
2,2
2,4
2,1
2,0
2,3
1,2
1,3
1,1
1,0
0,437
0,436
0,410
0,324
0,243
0,9
0,1
0,0
0,431
0,300
0,430
0,299
0,429
0,298
0,428
0,297
0,427
0,296
0,426
0,295
0,425
0,294
0,424
0,293
0,423
0,292
0,422
0,291
0,421
0,290
0,420
0,289
0,419
0,288
0,418
0,287
0,417
0,286
0,416
0,285
0,415
0,284
0,414
0,283
0,413
0,282
0,412
0,281
0,411
0,280
0,409
0,279
0,408
0,278
0,407
0,277
0,406
0,276
0,405
0,275
0,404
0,274
0,403
0,273
0,402
0,272
0,401
0,271
0,400
0,270
0,399
0,269
0,398
0,268
23,2
23,3
27,45
23,5
23,7
27,47
24,0
24,1
24,2
32,3
24,4
25,0
25,2
26,22
26,29
26,0
26,2
26,9
26,11
26,13
26,14
26,16
26,17
26,19
26,23
26,24
26,30
26,31
26,33
26,34
27,0
27,2
27,4
27,10
27,11
27,15
27,18
27,21
27,24
27,25
27,28
27,29
27,31
27,33
27,34
27,37
27,38
27,40
27,43
27,46
28,0
28,1
28,4
28,6
28,7
29,1
29,2
30,0
30,1
30,4
31,0
31,1
31,3
31,4
32,0
32,2
32,4
33,0
33,1
33,4
33,5
34,1
34,4
34,5
35,0
35,1
35,4
36,1
36,2
36,0
35,2
34,6
34,2
34,0
33,2
32,5
32,1
31,5
31,2
30,5
30,2
29,4
29,0
28,5
28,2
27,49
27,42
27,39
27,35
27,32
27,30
27,26
27,23
27,17
27,14
27,5
27,1
26,35
26,32
26,28
26,20
26,18
26,15
26,12
26,10
26,1
25,3
25,1
36,3
24,3
27,48
23,8
23,6
23,4
0,397
0,267
0,396
0,266
0,395
0,265
0,394
0,264
0,393
0,263
0,392
0,262
0,391
0,261
0,390
0,260
0,389
0,259
0,388
0,258
0,387
0,257
0,386
0,256
0,385
0,255
0,384
0,254
0,383
0,253
0,382
0,252
0,381
0,251
0,380
0,250
0,379
0,249
0,378
0,248
0,377
0,247
0,376
0,246
0,375
0,245
0,374
0,244
0,373
0,242
0,372
0,241
0,371
0,240
0,370
0,239
0,369
0,238
0,368
0,237
0,367
0,236
0,366
0,235
0,365
0,234
0,364
0,233
0,363
0,232
0,362
0,231
0,361
0,230
0,360
0,229
0,359
0,228
0,358
0,227
0,357
0,226
0,356
0,225
0,355
0,224
0,354
0,223
0,353
0,222
0,352
0,221
0,351
0,220
0,350
0,219
0,349
0,218
0,348
0,217
0,347
0,216
0,346
0,215
0,345
0,214
0,344
0,213
0,343
0,212
0,342
0,211
0,341
0,210
0,340
0,209
0,339
0,208
0,338
0,207
0,337
0,206
0,336
0,205
0,335
0,204
0,435
0,203
0,434
0,202
0,433
0,201
0,334
0,200
0,333
0,199
0,432
0,198
0,332
0,197
0,331
0,196
0,330
0,195
0,329
0,194
0,328
0,440
0,193
0,327
0,439
0,192
0,326
0,438
0,63
0,325
0,62
0,323
0,61
0,322
0,60
0,321
0,59
0,320
0,58
0,319
0,57
0,318
0,56
0,317
0,55
0,316
0,54
0,315
0,53
0,314
0,52
0,313
0,51
0,312
0,50
0,311
0,441
0,49
0,310
0,48
0,309
0,47
0,308
0,46
0,307
0,45
0,301
0,6
0,5
0,304
0,303
0,306
0,305
0,302
0,12
0,10
0,8
0,11
0,4
0,2
0,3
0,7
